840 1568
497 677
298 632
438 265
150 3
310 729
774 613
634 345
119 807
505 523
656 484
346 623
645 758
728 417
302 629
262 726
12 108
826 740
454 254
444 597
472 69
636 65
703 720
244 553
391 342
482 503
328 614
187 404
240 68
410 278
56 588
498 680
380 296
493 575
327 216
465 634
91 178
726 251
500 238
766 426
517 467
183 712
368 449
596 825
234 653
385 11
62 449
162 640
533 534
415 484
795 363
592 741
769 218
273 533
667 245
267 12
423 55
53 472
718 661
787 93
393 311
20 129
743 726
443 432
380 82
566 40
398 26
328 194
809 199
49 761
204 699
642 784
553 382
189 535
557 840
356 167
167 602
768 560
242 232
464 333
390 177
739 547
303 691
135 780
550 778
283 496
514 626
399 260
757 602
349 622
480 535
644 168
10 569
459 483
52 20
188 19
314 188
710 818
573 667
269 813
717 165
715 321
42 234
446 520
443 766
220 123
407 556
7 529
545 74
158 601
840 163
721 86
535 324
210 462
89 718
110 660
174 773
662 387
532 637
412 770
24 199
413 313
337 394
146 779
414 398
746 738
361 247
505 114
744 784
316 470
311 540
378 752
653 474
69 208
477 391
835 7
371 815
35 186
345 108
243 705
601 543
278 800
392 33
511 599
438 61
93 515
124 197
83 244
805 187
539 595
300 252
499 525
343 540
163 297
145 158
725 303
661 451
557 399
181 47
614 195
686 155
716 792
568 727
418 83
29 191
609 147
549 59
395 654
799 227
251 177
828 234
232 412
571 473
733 240
185 632
788 803
804 811
309 649
177 782
581 666
458 700
723 299
259 293
709 559
336 775
179 173
738 416
398 250
253 747
352 143
119 704
429 745
457 193
829 674
158 81
177 284
704 181
281 614
79 300
685 397
12 442
352 785
11 565
616 305
274 21
589 621
250 249
312 645
633 45
640 259
433 708
512 235
356 757
517 172
818 733
148 348
773 389
685 28
807 284
22 605
774 88
102 612
43 61
166 358
643 160
359 112
666 97
643 153
410 92
422 142
83 825
691 531
675 564
776 787
46 419
280 420
145 608
819 766
238 151
23 698
691 789
797 36
682 323
74 255
664 204
654 96
839 311
603 493
172 268
171 683
496 149
629 219
127 6
48 759
678 403
607 327
440 777
195 69
694 16
455 833
660 764
323 620
732 787
34 246
305 194
100 99
462 571
266 673
671 81
25 179
344 468
150 139
476 366
405 43
118 230
210 491
227 522
131 138
815 746
164 688
169 716
244 134
386 814
439 541
425 424
836 281
625 79
96 743
287 456
5 346
397 285
442 282
465 558
154 582
330 15
529 185
214 752
112 598
747 168
96 262
453 538
635 221
638 823
363 778
689 714
683 44
630 731
676 458
817 261
455 304
482 241
1 433
159 627
290 486
639 541
131 213
663 139
286 82
44 630
104 447
467 491
657 413
502 330
714 771
478 648
661 548
190 107
619 43
299 414
771 773
568 710
78 174
231 681
406 257
200 86
613 409
130 641
641 37
213 472
498 618
680 624
388 786
574 796
794 734
501 815
460 569
350 263
612 192
828 612
718 428
544 437
47 241
369 419
546 331
187 430
137 332
540 38
276 219
433 509
47 273
582 734
221 762
487 111
273 650
508 117
800 591
584 258
619 613
92 378
836 328
713 226
624 603
700 575
321 56
108 282
29 34
524 50
126 173
369 120
133 17
46 797
640 798
342 422
247 570
759 668
492 834
50 356
677 829
606 400
578 480
495 709
7 243
176 499
66 99
725 148
646 350
634 395
20 751
823 476
731 239
730 623
659 112
110 492
322 835
90 106
157 593
394 137
217 785
137 694
764 663
822 239
720 362
752 161
825 673
54 572
22 401
102 250
191 246
17 187
80 365
548 824
434 13
503 579
690 822
351 532
642 154
155 644
175 353
313 487
474 536
578 189
434 256
302 276
460 291
384 697
391 660
722 480
136 374
479 469
570 755
783 839
560 519
753 732
819 735
732 238
782 84
651 280
740 292
553 765
289 762
5 730
526 145
450 174
696 500
339 28
674 257
781 727
580 422
202 270
456 346
839 148
374 465
479 49
745 737
208 391
202 664
432 114
798 744
701 577
260 665
320 740
27 152
294 564
802 481
745 35
540 206
426 110
668 37
212 397
143 78
314 488
257 374
315 789
94 798
123 539
375 699
310 836
336 795
510 645
401 306
834 98
98 103
390 807
205 655
588 542
538 722
246 294
201 637
759 79
813 656
739 307
378 591
109 576
490 719
173 628
123 817
189 304
81 543
401 101
127 414
228 64
714 470
631 432
670 320
837 207
559 835
750 661
156 52
757 30
679 309
26 95
245 412
377 131
798 642
204 376
542 810
224 156
399 279
776 18
765 143
41 756
201 679
51 562
630 146
519 132
603 231
531 104
254 216
61 479
581 211
284 482
621 546
355 435
258 506
21 616
175 160
306 528
447 57
730 329
66 717
516 671
448 781
632 367
219 175
412 476
810 833
133 388
122 359
324 218
230 737
632 380
30 196
587 478
265 701
4 252
43 25
518 137
780 460
750 477
607 254
711 685
605 589
18 247
289 445
683 672
627 360
64 315
32 418
116 184
702 144
655 361
511 506
279 297
261 248
394 209
833 157
812 58
42 590
495 589
168 619
329 371
415 27
51 13
10 73
376 145
341 333
104 532
509 251
586 230
772 634
437 685
791 788
656 454
176 23
171 466
292 198
484 545
561 393
829 716
388 500
543 674
604 836
486 774
299 539
180 572
633 72
488 748
506 791
186 796
117 301
494 318
184 826
292 504
575 606
149 337
547 475
90 584
641 538
551 100
519 448
272 341
834 150
534 618
152 715
409 126
38 351
509 390
315 387
797 169
278 378
786 295
804 728
3 692
395 635
193 772
522 604
789 60
143 714
712 326
543 406
163 360
404 292
255 641
658 474
628 431
120 806
226 372
536 361
246 20
453 439
178 11
514 87
827 767
14 341
8 386
792 336
19 593
708 119
473 611
679 77
652 128
334 703
611 675
623 498
731 779
530 482
65 808
569 544
664 375
393 343
821 700
3 514
152 39
396 702
593 441
444 202
563 312
387 159
383 294
353 272
584 511
402 135
287 5
135 720
68 467
821 493
449 454
428 264
512 642
556 123
472 735
467 444
188 820
811 783
783 725
598 166
41 399
306 754
248 133
637 350
621 813
682 85
588 72
781 64
196 502
795 267
669 286
8 277
698 816
28 347
30 124
448 228
639 396
717 289
806 596
214 8
322 651
534 67
554 652
382 689
491 571
138 819
611 526
224 191
601 829
186 410
237 41
6 102
365 570
544 711
688 496
373 164
806 83
179 469
787 151
132 781
88 409
268 202
760 122
741 222
686 253
282 433
148 691
530 47
173 233
622 71
77 6
737 186
348 206
785 450
112 335
169 225
82 809
701 49
492 567
291 544
690 731
84 503
73 566
426 115
222 63
375 226
180 504
590 335
672 690
353 14
9 693
431 767
508 687
357 664
55 648
566 711
486 118
533 498
784 582
758 458
182 24
165 445
212 338
207 473
520 725
537 263
684 603
647 165
241 563
418 153
654 1
147 723
367 296
59 223
216 255
373 804
678 367
457 336
216 130
520 228
178 389
629 80
116 670
673 352
794 446
515 709
160 555
529 705
435 337
740 290
52 463
371 680
547 746
108 1
698 407
734 520
2 425
229 588
351 201
16 58
483 113
564 497
423 573
11 370
675 724
494 682
364 328
263 659
591 453
488 820
280 529
138 443
61 701
128 717
358 120
396 527
248 95
549 490
297 837
222 313
762 90
474 655
325 40
454 545
40 339
596 266
762 459
728 561
166 276
680 684
785 78
425 791
2 782
694 201
84 706
539 398
424 788
115 492
81 481
546 415
360 600
614 89
597 270
618 676
707 236
618 684
590 653
646 537
226 763
470 669
333 215
234 658
622 606
402 703
172 444
24 30
650 534
736 465
445 440
252 189
392 633
537 122
170 126
816 220
751 358
128 647
609 812
808 209
342 764
38 694
565 167
347 508
141 405
449 607
531 60
15 501
657 222
580 275
73 325
294 129
217 550
313 736
413 136
118 88
579 312
574 607
82 24
357 742
464 382
575 631
435 831
220 299
282 801
802 657
820 799
101 269
835 331
684 821
589 269
134 765
591 161
124 5
374 772
403 392
266 695
625 56
466 44
407 171
813 415
60 447
808 499
744 373
536 18
250 192
283 355
295 54
822 116
348 531
723 127
405 438
469 628
726 106
451 580
62 656
833 19
665 837
550 450
56 4
636 831
558 395
21 364
818 41
304 157
147 220
193 795
775 550
653 205
190 115
585 42
709 621
77 585
122 156
156 507
597 109
384 372
404 180
604 364
312 682
107 76
308 15
729 416
57 760
559 546
427 51
251 2
397 347
807 530
129 369
331 243
33 581
245 823
461 437
194 719
483 511
576 376
758 620
670 826
48 625
298 669
368 574
648 638
812 723
651 7
422 663
442 385
800 130
789 159
592 657
558 100
665 462
381 536
165 117
74 759
406 136
463 751
367 392
594 287
727 662
307 310
265 203
779 17
64 662
161 439
754 35
184 686
13 769
86 307
206 351
711 339
525 816
106 2
649 659
257 193
272 464
793 212
569 566
538 427
605 101
136 736
209 332
253 644
478 274
386 70
456 273
59 271
232 838
100 635
18 93
55 667
167 594
658 381
235 154
276 32
195 750
756 68
541 702
358 32
817 595
681 631
199 196
35 574
111 558
786 430
323 121
205 629
668 300
25 479
809 581
831 394
153 244
699 516
198 118
493 681
181 456
647 508
159 163
1 262
736 111
595 26
773 50
225 266
382 215
270 576
706 579
117 440
510 67
341 651
157 587
586 745
769 183
311 348
241 650
831 808
462 207
712 242
746 377
332 812
4 542
803 617
17 786
496 435
545 48
648 245
424 706
281 53
269 62
764 150
155 290
652 66
95 696
735 426
75 48
419 36
227 513
595 248
555 464
432 190
53 195
695 775
335 205
649 42
620 349
419 806
68 210
332 16
570 14
151 495
372 334
796 278
748 200
565 411
107 344
317 688
370 119
211 97
805 320
40 652
440 483
101 528
376 516
700 622
343 518
645 323
364 305
78 771
228 303
154 794
502 308
623 371
778 442
223 489
669 380
703 741
707 428
499 609
344 567
441 274
792 695
58 127
722 434
624 377
67 676
458 349
218 712
564 46
743 90
39 321
473 383
767 421
532 646
631 505
229 633
75 39
699 763
660 834
429 754
513 21
355 636
790 592
99 289
681 443
267 345
185 678
243 152
659 590
293 288
826 155
209 609
109 611
541 51
277 639
756 260
39 625
525 147
735 208
487 554
274 638
93 495
650 510
262 509
28 647
576 526
655 80
346 533
445 459
752 277
97 330
459 584
587 55
697 334
466 817
447 646
308 329
579 494
309 585
507 463
823 549
160 272
721 739
334 592
379 423
192 381
63 325
755 322
304 379
260 210
600 224
667 232
602 287
481 413
359 507
715 403
256 324
760 224
239 670
430 54
238 22
608 601
556 466
671 802
120 418
708 390
825 134
92 214
239 805
796 327
330 721
297 600
801 370
697 402
199 211
724 608
638 616
469 125
325 554
31 183
417 149
263 359
706 803
63 487
563 510
72 314
567 98
115 344
560 446
763 790
562 471
259 744
528 368
339 128
57 537
791 105
249 753
528 62
710 237
734 783
321 229
164 728
350 649
218 573
208 110
337 518
763 671
300 578
446 448
132 568
225 792
331 27
196 197
168 774
231 138
44 261
316 298
37 722
126 693
363 12
747 141
88 170
9 410
814 354
470 524
705 715
174 178
235 768
677 169
324 423
602 124
526 724
106 258
114 832
767 386
270 204
125 485
197 730
254 74
720 10
476 59
6 828
194 89
288 317
183 583
501 547
377 231
666 488
14 322
515 755
594 181
542 455
637 309
19 799
427 434
16 679
151 605
211 502
582 811
95 388
268 357
507 598
37 578
89 750
572 306
461 793
548 580
663 615
411 594
414 102
840 279
724 497
518 38
45 314
67 758
411 704
748 721
727 237
477 451
240 517
242 749
32 643
554 551
606 505
673 217
719 718
771 524
258 425
585 828
420 185
788 452
149 343
503 563
555 553
296 33
213 819
141 619
33 45
561 839
428 548
810 188
801 708
277 814
385 801
50 182
481 406
58 77
571 109
99 221
215 420
628 827
790 802
370 411
535 379
261 146
704 530
765 689
256 769
782 424
290 198
616 549
13 31
27 75
674 457
139 514
644 486
416 213
97 748
252 455
837 29
742 713
31 340
778 91
768 794
335 302
389 356
490 223
793 408
233 214
91 385
693 233
451 342
431 8
49 125
153 555
754 368
500 295
26 249
129 46
383 675
497 797
729 281
463 166
360 760
814 396
820 200
753 776
409 179
305 490
114 107
230 170
349 319
79 4
162 94
206 104
284 84
255 668
672 630
72 810
60 627
741 362
484 75
772 267
504 586
320 404
608 677
612 658
593 478
303 315
475 729
288 164
130 453
755 559
381 776
437 212
417 393
733 756
450 91
567 436
780 10
80 175
317 283
702 562
696 732
815 624
296 809
803 494
327 800
295 22
15 739
34 383
198 586
551 66
161 639
524 286
233 431
441 513
347 830
192 753
279 665
811 561
197 308
716 457
139 610
779 805
816 556
329 501
362 63
705 678
221 743
689 316
125 827
737 9
379 587
146 133
598 302
662 557
766 190
94 512
784 804
291 461
387 840
403 229
36 225
742 375
695 217
775 363
713 384
799 441
627 57
191 52
635 96
86 522
293 373
562 31
504 429
522 310
362 73
430 180
620 140
480 256
439 427
613 25
572 429
111 551
513 604
182 757
200 227
23 525
688 417
65 176
751 369
345 654
286 182
69 477
45 666
223 707
237 557
333 280
219 643
573 242
516 158
719 707
676 821
134 352
475 738
420 298
827 521
247 515
98 3
600 29
54 401
506 552
170 9
416 53
249 696
365 353
389 565
215 316
372 790
307 475
738 131
36 596
361 365
491 597
207 34
693 92
